0 0.065625 0.12552301255230125 0.1203125 0.12552301255230125 0.1203125 0.24686192468619247 0.065625 0.24686192468619247
0 0.209375 0.11715481171548117 0.26875 0.11715481171548117 0.26875 0.21338912133891214 0.209375 0.21338912133891214
0 0.465625 0.14853556485355648 0.51875 0.14853556485355648 0.51875 0.2594142259414226 0.465625 0.2594142259414226
0 0.5359375 0.3410041841004184 0.590625 0.3410041841004184 0.590625 0.4665271966527197 0.5359375 0.4665271966527197
0 0.75 0.05230125523012552 0.80625 0.05230125523012552 0.80625 0.17364016736401675 0.75 0.17364016736401675
0 0.384375 0.3493723849372385 0.4421875 0.3493723849372385 0.4421875 0.4602510460251046 0.384375 0.4602510460251046
0 0.7875 0.4351464435146444 0.8546875 0.4351464435146444 0.8546875 0.5481171548117155 0.7875 0.5481171548117155
0 0.671875 0.3619246861924686 0.7375 0.3619246861924686 0.7375 0.4686192468619247 0.671875 0.4686192468619247
0 0.15625 0.3807531380753138 0.2109375 0.3807531380753138 0.2109375 0.4916317991631799 0.15625 0.4916317991631799
0 0.2578125 0.3702928870292887 0.309375 0.3702928870292887 0.309375 0.4769874476987448 0.2578125 0.4769874476987448
0 0.884375 0.11297071129707113 0.940625 0.11297071129707113 0.940625 0.2301255230125523 0.884375 0.2301255230125523
