0 0.1203125 0.4959514170040486 0.2 0.4959514170040486 0.2 0.645748987854251 0.1203125 0.645748987854251
0 0.221875 0.5020242914979757 0.3015625 0.5020242914979757 0.3015625 0.6376518218623481 0.221875 0.6376518218623481
0 0.296875 0.5303643724696356 0.38125 0.5303643724696356 0.38125 0.6761133603238867 0.296875 0.6761133603238867
0 0.665625 0.4898785425101215 0.7359375 0.4898785425101215 0.7359375 0.6234817813765182 0.665625 0.6234817813765182
0 0.790625 0.34210526315789475 0.859375 0.34210526315789475 0.859375 0.5161943319838057 0.790625 0.5161943319838057
0 0.34375 0.2692307692307692 0.4140625 0.2692307692307692 0.4140625 0.402834008097166 0.34375 0.402834008097166
0 0.178125 0.2611336032388664 0.2546875 0.2611336032388664 0.2546875 0.39271255060728744 0.178125 0.39271255060728744
0 0.05625 0.05668016194331984 0.128125 0.05668016194331984 0.128125 0.20242914979757085 0.05625 0.20242914979757085
0 0.590625 0.07692307692307693 0.65625 0.07692307692307693 0.65625 0.19433198380566802 0.590625 0.19433198380566802
0 0.8515625 0.04048582995951417 0.9203125 0.04048582995951417 0.9203125 0.18016194331983806 0.8515625 0.18016194331983806
0 0.5421875 0.35020242914979755 0.6078125 0.35020242914979755 0.6078125 0.4979757085020243 0.5421875 0.4979757085020243
