0 0.56875 0.015945330296127564 0.65625 0.015945330296127564 0.65625 0.2619589977220957 0.56875 0.2619589977220957
0 0.3859375 0.17084282460136674 0.4640625 0.17084282460136674 0.4640625 0.3348519362186788 0.3859375 0.3348519362186788
0 0.0265625 0.20956719817767655 0.1140625 0.20956719817767655 0.1140625 0.3690205011389522 0.0265625 0.3690205011389522
0 0.0203125 0.5421412300683371 0.1140625 0.5421412300683371 0.1140625 0.6287015945330297 0.0203125 0.6287015945330297
0 0.1796875 0.4305239179954442 0.2796875 0.4305239179954442 0.2796875 0.6378132118451025 0.1796875 0.6378132118451025
0 0.33125 0.48291571753986334 0.4171875 0.48291571753986334 0.4171875 0.642369020501139 0.33125 0.642369020501139
0 0.43125 0.4191343963553531 0.5109375 0.4191343963553531 0.5109375 0.6036446469248291 0.43125 0.6036446469248291
0 0.7953125 0.3462414578587699 0.9015625 0.3462414578587699 0.9015625 0.5148063781321185 0.7953125 0.5148063781321185
0 0.7484375 0.1366742596810934 0.8296875 0.1366742596810934 0.8296875 0.33029612756264237 0.7484375 0.33029612756264237
0 0.603125 0.31890660592255127 0.7078125 0.31890660592255127 0.7078125 0.45558086560364464 0.603125 0.45558086560364464
